image: map.pgm
resolution: 0.050000
origin: [-20.971763, -56.875969, 0.000000]
negate: 0
occupied_thresh: 0.65
free_thresh: 0.196

