goal position: 
    x: 6.45013341991
    y: 7.45609351233
    z: 0.341357841999
  orientation: 
    x: -0.00372010407558
    y: -0.0015018882385
    z: -0.640923373862
    w: -0.767594362291

start position: 
    x: 5.91510419937
    y: 2.39716929441
    z: 0.345269200883
  orientation: 
    x: 0.00574111708413
    y: -0.0024935800828
    z: 0.964222467507
    w: 0.265020418999

